YES
1 
1 
NO
NO
NO
YES
1 2 
1 2 
NO
NO
NO
YES
2 1 
1 2 
NO
NO
NO
NO
YES
1 2 3 
1 2 3 
NO
NO
NO
NO
YES
2 1 3 
1 2 3 
YES
3 1 2 
1 2 3 
NO
NO
YES
2 3 1 
1 2 3 
NO
NO
NO
NO
NO
NO
YES
1 2 3 4 
1 2 3 4 
NO
NO
NO
NO
NO
YES
2 1 3 4 
1 2 3 4 
YES
3 1 2 4 
1 2 3 4 
YES
4 1 2 3 
1 2 3 4 
NO
NO
YES
2 3 1 4 
1 2 3 4 
YES
3 4 1 2 
1 2 3 4 
NO
NO
NO
YES
2 3 4 1 
1 2 3 4 
NO
NO
NO
NO
NO
NO
NO
NO
YES
1 2 3 4 5 
1 2 3 4 5 
NO
NO
NO
NO
NO
NO
YES
2 1 3 4 5 
1 2 3 4 5 
YES
3 1 2 4 5 
1 2 3 4 5 
YES
4 1 2 3 5 
1 2 3 4 5 
YES
5 1 2 3 4 
1 2 3 4 5 
NO
NO
YES
2 3 1 4 5 
1 2 3 4 5 
YES
3 4 1 2 5 
1 2 3 4 5 
YES
4 5 1 2 3 
1 2 3 4 5 
NO
NO
NO
YES
2 3 4 1 5 
1 2 3 4 5 
YES
3 4 5 1 2 
1 2 3 4 5 
NO
NO
NO
NO
YES
2 3 4 5 1 
1 2 3 4 5 
NO
NO
NO
NO
NO
NO
NO
NO
NO
NO
YES
1 2 3 4 5 6 
1 2 3 4 5 6 
NO
NO
NO
NO
NO
NO
NO
YES
2 1 3 4 5 6 
1 2 3 4 5 6 
YES
3 1 2 4 5 6 
1 2 3 4 5 6 
YES
4 1 2 3 5 6 
1 2 3 4 5 6 
YES
5 1 2 3 4 6 
1 2 3 4 5 6 
YES
6 1 2 3 4 5 
1 2 3 4 5 6 
NO
NO
YES
2 3 1 4 5 6 
1 2 3 4 5 6 
YES
3 4 1 2 5 6 
1 2 3 4 5 6 
YES
4 5 1 2 3 6 
1 2 3 4 5 6 
YES
5 6 1 2 3 4 
1 2 3 4 5 6 
NO
NO
NO
YES
2 3 4 1 5 6 
1 2 3 4 5 6 
YES
3 4 5 1 2 6 
1 2 3 4 5 6 
YES
4 5 6 1 2 3 
1 2 3 4 5 6 
NO
NO
NO
NO
YES
2 3 4 5 1 6 
1 2 3 4 5 6 
YES
3 4 5 6 1 2 
1 2 3 4 5 6 
NO
NO
NO
NO
NO
YES
2 3 4 5 6 1 
1 2 3 4 5 6 
NO
NO
NO
NO
NO
NO
NO
NO
NO
NO
NO
NO
YES
1 2 3 4 5 6 7 
1 2 3 4 5 6 7 
NO
NO
NO
NO
NO
NO
NO
NO
YES
2 1 3 4 5 6 7 
1 2 3 4 5 6 7 
YES
3 1 2 4 5 6 7 
1 2 3 4 5 6 7 
YES
4 1 2 3 5 6 7 
1 2 3 4 5 6 7 
YES
5 1 2 3 4 6 7 
1 2 3 4 5 6 7 
YES
6 1 2 3 4 5 7 
1 2 3 4 5 6 7 
YES
7 1 2 3 4 5 6 
1 2 3 4 5 6 7 
NO
NO
YES
2 3 1 4 5 6 7 
1 2 3 4 5 6 7 
YES
3 4 1 2 5 6 7 
1 2 3 4 5 6 7 
YES
4 5 1 2 3 6 7 
1 2 3 4 5 6 7 
YES
5 6 1 2 3 4 7 
1 2 3 4 5 6 7 
YES
6 7 1 2 3 4 5 
1 2 3 4 5 6 7 
NO
NO
NO
YES
2 3 4 1 5 6 7 
1 2 3 4 5 6 7 
YES
3 4 5 1 2 6 7 
1 2 3 4 5 6 7 
YES
4 5 6 1 2 3 7 
1 2 3 4 5 6 7 
YES
5 6 7 1 2 3 4 
1 2 3 4 5 6 7 
NO
NO
NO
NO
YES
2 3 4 5 1 6 7 
1 2 3 4 5 6 7 
YES
3 4 5 6 1 2 7 
1 2 3 4 5 6 7 
YES
4 5 6 7 1 2 3 
1 2 3 4 5 6 7 
NO
NO
NO
NO
NO
YES
2 3 4 5 6 1 7 
1 2 3 4 5 6 7 
YES
3 4 5 6 7 1 2 
1 2 3 4 5 6 7 
NO
NO
NO
NO
NO
NO
YES
2 3 4 5 6 7 1 
1 2 3 4 5 6 7 
NO
NO
NO
NO
NO
NO
NO
NO
NO
NO
NO
NO
NO
NO
YES
1 2 3 4 5 6 7 8 
1 2 3 4 5 6 7 8 
NO
NO
NO
NO
NO
NO
NO
NO
NO
YES
2 1 3 4 5 6 7 8 
1 2 3 4 5 6 7 8 
YES
3 1 2 4 5 6 7 8 
1 2 3 4 5 6 7 8 
YES
4 1 2 3 5 6 7 8 
1 2 3 4 5 6 7 8 
YES
5 1 2 3 4 6 7 8 
1 2 3 4 5 6 7 8 
YES
6 1 2 3 4 5 7 8 
1 2 3 4 5 6 7 8 
YES
7 1 2 3 4 5 6 8 
1 2 3 4 5 6 7 8 
YES
8 1 2 3 4 5 6 7 
1 2 3 4 5 6 7 8 
NO
NO
YES
2 3 1 4 5 6 7 8 
1 2 3 4 5 6 7 8 
YES
3 4 1 2 5 6 7 8 
1 2 3 4 5 6 7 8 
YES
4 5 1 2 3 6 7 8 
1 2 3 4 5 6 7 8 
YES
5 6 1 2 3 4 7 8 
1 2 3 4 5 6 7 8 
YES
6 7 1 2 3 4 5 8 
1 2 3 4 5 6 7 8 
YES
7 8 1 2 3 4 5 6 
1 2 3 4 5 6 7 8 
NO
NO
NO
YES
2 3 4 1 5 6 7 8 
1 2 3 4 5 6 7 8 
YES
3 4 5 1 2 6 7 8 
1 2 3 4 5 6 7 8 
YES
4 5 6 1 2 3 7 8 
1 2 3 4 5 6 7 8 
YES
5 6 7 1 2 3 4 8 
1 2 3 4 5 6 7 8 
YES
6 7 8 1 2 3 4 5 
1 2 3 4 5 6 7 8 
NO
NO
NO
NO
YES
2 3 4 5 1 6 7 8 
1 2 3 4 5 6 7 8 
YES
3 4 5 6 1 2 7 8 
1 2 3 4 5 6 7 8 
YES
4 5 6 7 1 2 3 8 
1 2 3 4 5 6 7 8 
YES
5 6 7 8 1 2 3 4 
1 2 3 4 5 6 7 8 
NO
NO
NO
NO
NO
YES
2 3 4 5 6 1 7 8 
1 2 3 4 5 6 7 8 
YES
3 4 5 6 7 1 2 8 
1 2 3 4 5 6 7 8 
YES
4 5 6 7 8 1 2 3 
1 2 3 4 5 6 7 8 
NO
NO
NO
NO
NO
NO
YES
2 3 4 5 6 7 1 8 
1 2 3 4 5 6 7 8 
YES
3 4 5 6 7 8 1 2 
1 2 3 4 5 6 7 8 
NO
NO
NO
NO
NO
NO
NO
YES
2 3 4 5 6 7 8 1 
1 2 3 4 5 6 7 8 
NO
NO
NO
NO
NO
NO
NO
NO
NO
NO
NO
NO
NO
NO
NO
NO
YES
1 2 3 4 5 6 7 8 9 
1 2 3 4 5 6 7 8 9 
NO
NO
NO
NO
NO
NO
NO
NO
NO
NO
YES
2 1 3 4 5 6 7 8 9 
1 2 3 4 5 6 7 8 9 
YES
3 1 2 4 5 6 7 8 9 
1 2 3 4 5 6 7 8 9 
YES
4 1 2 3 5 6 7 8 9 
1 2 3 4 5 6 7 8 9 
YES
5 1 2 3 4 6 7 8 9 
1 2 3 4 5 6 7 8 9 
YES
6 1 2 3 4 5 7 8 9 
1 2 3 4 5 6 7 8 9 
YES
7 1 2 3 4 5 6 8 9 
1 2 3 4 5 6 7 8 9 
YES
8 1 2 3 4 5 6 7 9 
1 2 3 4 5 6 7 8 9 
YES
9 1 2 3 4 5 6 7 8 
1 2 3 4 5 6 7 8 9 
NO
NO
YES
2 3 1 4 5 6 7 8 9 
1 2 3 4 5 6 7 8 9 
YES
3 4 1 2 5 6 7 8 9 
1 2 3 4 5 6 7 8 9 
YES
4 5 1 2 3 6 7 8 9 
1 2 3 4 5 6 7 8 9 
YES
5 6 1 2 3 4 7 8 9 
1 2 3 4 5 6 7 8 9 
YES
6 7 1 2 3 4 5 8 9 
1 2 3 4 5 6 7 8 9 
YES
7 8 1 2 3 4 5 6 9 
1 2 3 4 5 6 7 8 9 
YES
8 9 1 2 3 4 5 6 7 
1 2 3 4 5 6 7 8 9 
NO
NO
NO
YES
2 3 4 1 5 6 7 8 9 
1 2 3 4 5 6 7 8 9 
YES
3 4 5 1 2 6 7 8 9 
1 2 3 4 5 6 7 8 9 
YES
4 5 6 1 2 3 7 8 9 
1 2 3 4 5 6 7 8 9 
YES
5 6 7 1 2 3 4 8 9 
1 2 3 4 5 6 7 8 9 
YES
6 7 8 1 2 3 4 5 9 
1 2 3 4 5 6 7 8 9 
YES
7 8 9 1 2 3 4 5 6 
1 2 3 4 5 6 7 8 9 
NO
NO
NO
NO
YES
2 3 4 5 1 6 7 8 9 
1 2 3 4 5 6 7 8 9 
YES
3 4 5 6 1 2 7 8 9 
1 2 3 4 5 6 7 8 9 
YES
4 5 6 7 1 2 3 8 9 
1 2 3 4 5 6 7 8 9 
YES
5 6 7 8 1 2 3 4 9 
1 2 3 4 5 6 7 8 9 
YES
6 7 8 9 1 2 3 4 5 
1 2 3 4 5 6 7 8 9 
NO
NO
NO
NO
NO
YES
2 3 4 5 6 1 7 8 9 
1 2 3 4 5 6 7 8 9 
YES
3 4 5 6 7 1 2 8 9 
1 2 3 4 5 6 7 8 9 
YES
4 5 6 7 8 1 2 3 9 
1 2 3 4 5 6 7 8 9 
YES
5 6 7 8 9 1 2 3 4 
1 2 3 4 5 6 7 8 9 
NO
NO
NO
NO
NO
NO
YES
2 3 4 5 6 7 1 8 9 
1 2 3 4 5 6 7 8 9 
YES
3 4 5 6 7 8 1 2 9 
1 2 3 4 5 6 7 8 9 
YES
4 5 6 7 8 9 1 2 3 
1 2 3 4 5 6 7 8 9 
NO
NO
NO
NO
NO
NO
NO
YES
2 3 4 5 6 7 8 1 9 
1 2 3 4 5 6 7 8 9 
YES
3 4 5 6 7 8 9 1 2 
1 2 3 4 5 6 7 8 9 
NO
NO
NO
NO
NO
NO
NO
NO
YES
2 3 4 5 6 7 8 9 1 
1 2 3 4 5 6 7 8 9 
NO
NO
NO
NO
NO
NO
NO
NO
NO
NO
NO
NO
NO
NO
NO
NO
NO
NO
YES
1 2 3 4 5 6 7 8 9 10 
1 2 3 4 5 6 7 8 9 10 
NO
NO
NO
NO
NO
NO
NO
NO
NO
NO
NO
YES
2 1 3 4 5 6 7 8 9 10 
1 2 3 4 5 6 7 8 9 10 
YES
3 1 2 4 5 6 7 8 9 10 
1 2 3 4 5 6 7 8 9 10 
YES
4 1 2 3 5 6 7 8 9 10 
1 2 3 4 5 6 7 8 9 10 
YES
5 1 2 3 4 6 7 8 9 10 
1 2 3 4 5 6 7 8 9 10 
YES
6 1 2 3 4 5 7 8 9 10 
1 2 3 4 5 6 7 8 9 10 
YES
7 1 2 3 4 5 6 8 9 10 
1 2 3 4 5 6 7 8 9 10 
YES
8 1 2 3 4 5 6 7 9 10 
1 2 3 4 5 6 7 8 9 10 
YES
9 1 2 3 4 5 6 7 8 10 
1 2 3 4 5 6 7 8 9 10 
YES
10 1 2 3 4 5 6 7 8 9 
1 2 3 4 5 6 7 8 9 10 
NO
NO
YES
2 3 1 4 5 6 7 8 9 10 
1 2 3 4 5 6 7 8 9 10 
YES
3 4 1 2 5 6 7 8 9 10 
1 2 3 4 5 6 7 8 9 10 
YES
4 5 1 2 3 6 7 8 9 10 
1 2 3 4 5 6 7 8 9 10 
YES
5 6 1 2 3 4 7 8 9 10 
1 2 3 4 5 6 7 8 9 10 
YES
6 7 1 2 3 4 5 8 9 10 
1 2 3 4 5 6 7 8 9 10 
YES
7 8 1 2 3 4 5 6 9 10 
1 2 3 4 5 6 7 8 9 10 
YES
8 9 1 2 3 4 5 6 7 10 
1 2 3 4 5 6 7 8 9 10 
YES
9 10 1 2 3 4 5 6 7 8 
1 2 3 4 5 6 7 8 9 10 
NO
NO
NO
YES
2 3 4 1 5 6 7 8 9 10 
1 2 3 4 5 6 7 8 9 10 
YES
3 4 5 1 2 6 7 8 9 10 
1 2 3 4 5 6 7 8 9 10 
YES
4 5 6 1 2 3 7 8 9 10 
1 2 3 4 5 6 7 8 9 10 
YES
5 6 7 1 2 3 4 8 9 10 
1 2 3 4 5 6 7 8 9 10 
YES
6 7 8 1 2 3 4 5 9 10 
1 2 3 4 5 6 7 8 9 10 
YES
7 8 9 1 2 3 4 5 6 10 
1 2 3 4 5 6 7 8 9 10 
YES
8 9 10 1 2 3 4 5 6 7 
1 2 3 4 5 6 7 8 9 10 
NO
NO
NO
NO
YES
2 3 4 5 1 6 7 8 9 10 
1 2 3 4 5 6 7 8 9 10 
YES
3 4 5 6 1 2 7 8 9 10 
1 2 3 4 5 6 7 8 9 10 
YES
4 5 6 7 1 2 3 8 9 10 
1 2 3 4 5 6 7 8 9 10 
YES
5 6 7 8 1 2 3 4 9 10 
1 2 3 4 5 6 7 8 9 10 
YES
6 7 8 9 1 2 3 4 5 10 
1 2 3 4 5 6 7 8 9 10 
YES
7 8 9 10 1 2 3 4 5 6 
1 2 3 4 5 6 7 8 9 10 
NO
NO
NO
NO
NO
YES
2 3 4 5 6 1 7 8 9 10 
1 2 3 4 5 6 7 8 9 10 
YES
3 4 5 6 7 1 2 8 9 10 
1 2 3 4 5 6 7 8 9 10 
YES
4 5 6 7 8 1 2 3 9 10 
1 2 3 4 5 6 7 8 9 10 
YES
5 6 7 8 9 1 2 3 4 10 
1 2 3 4 5 6 7 8 9 10 
YES
6 7 8 9 10 1 2 3 4 5 
1 2 3 4 5 6 7 8 9 10 
NO
NO
NO
NO
NO
NO
YES
2 3 4 5 6 7 1 8 9 10 
1 2 3 4 5 6 7 8 9 10 
YES
3 4 5 6 7 8 1 2 9 10 
1 2 3 4 5 6 7 8 9 10 
YES
4 5 6 7 8 9 1 2 3 10 
1 2 3 4 5 6 7 8 9 10 
YES
5 6 7 8 9 10 1 2 3 4 
1 2 3 4 5 6 7 8 9 10 
NO
NO
NO
NO
NO
NO
NO
YES
2 3 4 5 6 7 8 1 9 10 
1 2 3 4 5 6 7 8 9 10 
YES
3 4 5 6 7 8 9 1 2 10 
1 2 3 4 5 6 7 8 9 10 
YES
4 5 6 7 8 9 10 1 2 3 
1 2 3 4 5 6 7 8 9 10 
NO
NO
NO
NO
NO
NO
NO
NO
YES
2 3 4 5 6 7 8 9 1 10 
1 2 3 4 5 6 7 8 9 10 
YES
3 4 5 6 7 8 9 10 1 2 
1 2 3 4 5 6 7 8 9 10 
NO
NO
NO
NO
NO
NO
NO
NO
NO
YES
2 3 4 5 6 7 8 9 10 1 
1 2 3 4 5 6 7 8 9 10 
NO
NO
NO
NO
NO
NO
NO
NO
NO
NO
NO
NO
NO
NO
NO
NO
NO
NO
NO
NO
YES
1 2 3 4 5 6 7 8 9 10 11 
1 2 3 4 5 6 7 8 9 10 11 
NO
NO
NO
NO
NO
NO
NO
NO
NO
NO
NO
NO
YES
2 1 3 4 5 6 7 8 9 10 11 
1 2 3 4 5 6 7 8 9 10 11 
YES
3 1 2 4 5 6 7 8 9 10 11 
1 2 3 4 5 6 7 8 9 10 11 
YES
4 1 2 3 5 6 7 8 9 10 11 
1 2 3 4 5 6 7 8 9 10 11 
YES
5 1 2 3 4 6 7 8 9 10 11 
1 2 3 4 5 6 7 8 9 10 11 
YES
6 1 2 3 4 5 7 8 9 10 11 
1 2 3 4 5 6 7 8 9 10 11 
YES
7 1 2 3 4 5 6 8 9 10 11 
1 2 3 4 5 6 7 8 9 10 11 
YES
8 1 2 3 4 5 6 7 9 10 11 
1 2 3 4 5 6 7 8 9 10 11 
YES
9 1 2 3 4 5 6 7 8 10 11 
1 2 3 4 5 6 7 8 9 10 11 
YES
10 1 2 3 4 5 6 7 8 9 11 
1 2 3 4 5 6 7 8 9 10 11 
YES
11 1 2 3 4 5 6 7 8 9 10 
1 2 3 4 5 6 7 8 9 10 11 
NO
NO
YES
2 3 1 4 5 6 7 8 9 10 11 
1 2 3 4 5 6 7 8 9 10 11 
YES
3 4 1 2 5 6 7 8 9 10 11 
1 2 3 4 5 6 7 8 9 10 11 
YES
4 5 1 2 3 6 7 8 9 10 11 
1 2 3 4 5 6 7 8 9 10 11 
YES
5 6 1 2 3 4 7 8 9 10 11 
1 2 3 4 5 6 7 8 9 10 11 
YES
6 7 1 2 3 4 5 8 9 10 11 
1 2 3 4 5 6 7 8 9 10 11 
YES
7 8 1 2 3 4 5 6 9 10 11 
1 2 3 4 5 6 7 8 9 10 11 
YES
8 9 1 2 3 4 5 6 7 10 11 
1 2 3 4 5 6 7 8 9 10 11 
YES
9 10 1 2 3 4 5 6 7 8 11 
1 2 3 4 5 6 7 8 9 10 11 
YES
10 11 1 2 3 4 5 6 7 8 9 
1 2 3 4 5 6 7 8 9 10 11 
NO
NO
NO
YES
2 3 4 1 5 6 7 8 9 10 11 
1 2 3 4 5 6 7 8 9 10 11 
YES
3 4 5 1 2 6 7 8 9 10 11 
1 2 3 4 5 6 7 8 9 10 11 
YES
4 5 6 1 2 3 7 8 9 10 11 
1 2 3 4 5 6 7 8 9 10 11 
YES
5 6 7 1 2 3 4 8 9 10 11 
1 2 3 4 5 6 7 8 9 10 11 
YES
6 7 8 1 2 3 4 5 9 10 11 
1 2 3 4 5 6 7 8 9 10 11 
YES
7 8 9 1 2 3 4 5 6 10 11 
1 2 3 4 5 6 7 8 9 10 11 
YES
8 9 10 1 2 3 4 5 6 7 11 
1 2 3 4 5 6 7 8 9 10 11 
YES
9 10 11 1 2 3 4 5 6 7 8 
1 2 3 4 5 6 7 8 9 10 11 
NO
NO
NO
NO
YES
2 3 4 5 1 6 7 8 9 10 11 
1 2 3 4 5 6 7 8 9 10 11 
YES
3 4 5 6 1 2 7 8 9 10 11 
1 2 3 4 5 6 7 8 9 10 11 
YES
4 5 6 7 1 2 3 8 9 10 11 
1 2 3 4 5 6 7 8 9 10 11 
YES
5 6 7 8 1 2 3 4 9 10 11 
1 2 3 4 5 6 7 8 9 10 11 
YES
6 7 8 9 1 2 3 4 5 10 11 
1 2 3 4 5 6 7 8 9 10 11 
YES
7 8 9 10 1 2 3 4 5 6 11 
1 2 3 4 5 6 7 8 9 10 11 
YES
8 9 10 11 1 2 3 4 5 6 7 
1 2 3 4 5 6 7 8 9 10 11 
NO
NO
NO
NO
NO
YES
2 3 4 5 6 1 7 8 9 10 11 
1 2 3 4 5 6 7 8 9 10 11 
YES
3 4 5 6 7 1 2 8 9 10 11 
1 2 3 4 5 6 7 8 9 10 11 
YES
4 5 6 7 8 1 2 3 9 10 11 
1 2 3 4 5 6 7 8 9 10 11 
YES
5 6 7 8 9 1 2 3 4 10 11 
1 2 3 4 5 6 7 8 9 10 11 
YES
6 7 8 9 10 1 2 3 4 5 11 
1 2 3 4 5 6 7 8 9 10 11 
YES
7 8 9 10 11 1 2 3 4 5 6 
1 2 3 4 5 6 7 8 9 10 11 
NO
NO
NO
NO
NO
NO
YES
2 3 4 5 6 7 1 8 9 10 11 
1 2 3 4 5 6 7 8 9 10 11 
YES
3 4 5 6 7 8 1 2 9 10 11 
1 2 3 4 5 6 7 8 9 10 11 
YES
4 5 6 7 8 9 1 2 3 10 11 
1 2 3 4 5 6 7 8 9 10 11 
YES
5 6 7 8 9 10 1 2 3 4 11 
1 2 3 4 5 6 7 8 9 10 11 
YES
6 7 8 9 10 11 1 2 3 4 5 
1 2 3 4 5 6 7 8 9 10 11 
NO
NO
NO
NO
NO
NO
NO
YES
2 3 4 5 6 7 8 1 9 10 11 
1 2 3 4 5 6 7 8 9 10 11 
YES
3 4 5 6 7 8 9 1 2 10 11 
1 2 3 4 5 6 7 8 9 10 11 
YES
4 5 6 7 8 9 10 1 2 3 11 
1 2 3 4 5 6 7 8 9 10 11 
YES
5 6 7 8 9 10 11 1 2 3 4 
1 2 3 4 5 6 7 8 9 10 11 
NO
NO
NO
NO
NO
NO
NO
NO
YES
2 3 4 5 6 7 8 9 1 10 11 
1 2 3 4 5 6 7 8 9 10 11 
YES
3 4 5 6 7 8 9 10 1 2 11 
1 2 3 4 5 6 7 8 9 10 11 
YES
4 5 6 7 8 9 10 11 1 2 3 
1 2 3 4 5 6 7 8 9 10 11 
NO
NO
NO
NO
NO
NO
NO
NO
NO
YES
2 3 4 5 6 7 8 9 10 1 11 
1 2 3 4 5 6 7 8 9 10 11 
YES
3 4 5 6 7 8 9 10 11 1 2 
1 2 3 4 5 6 7 8 9 10 11 
NO
NO
NO
NO
NO
NO
NO
NO
NO
NO
YES
2 3 4 5 6 7 8 9 10 11 1 
1 2 3 4 5 6 7 8 9 10 11 
NO
NO
NO
NO
NO
NO
NO
NO
NO
NO
NO
NO
NO
NO
NO
NO
NO
NO
NO
NO
NO
NO
YES
1 2 3 4 5 6 7 8 9 10 11 12 
1 2 3 4 5 6 7 8 9 10 11 12 
NO
NO
NO
NO
NO
NO
NO
NO
NO
NO
NO
NO
NO
YES
2 1 3 4 5 6 7 8 9 10 11 12 
1 2 3 4 5 6 7 8 9 10 11 12 
YES
3 1 2 4 5 6 7 8 9 10 11 12 
1 2 3 4 5 6 7 8 9 10 11 12 
YES
4 1 2 3 5 6 7 8 9 10 11 12 
1 2 3 4 5 6 7 8 9 10 11 12 
YES
5 1 2 3 4 6 7 8 9 10 11 12 
1 2 3 4 5 6 7 8 9 10 11 12 
YES
6 1 2 3 4 5 7 8 9 10 11 12 
1 2 3 4 5 6 7 8 9 10 11 12 
YES
7 1 2 3 4 5 6 8 9 10 11 12 
1 2 3 4 5 6 7 8 9 10 11 12 
YES
8 1 2 3 4 5 6 7 9 10 11 12 
1 2 3 4 5 6 7 8 9 10 11 12 
YES
9 1 2 3 4 5 6 7 8 10 11 12 
1 2 3 4 5 6 7 8 9 10 11 12 
YES
10 1 2 3 4 5 6 7 8 9 11 12 
1 2 3 4 5 6 7 8 9 10 11 12 
YES
11 1 2 3 4 5 6 7 8 9 10 12 
1 2 3 4 5 6 7 8 9 10 11 12 
YES
12 1 2 3 4 5 6 7 8 9 10 11 
1 2 3 4 5 6 7 8 9 10 11 12 
NO
NO
YES
2 3 1 4 5 6 7 8 9 10 11 12 
1 2 3 4 5 6 7 8 9 10 11 12 
YES
3 4 1 2 5 6 7 8 9 10 11 12 
1 2 3 4 5 6 7 8 9 10 11 12 
YES
4 5 1 2 3 6 7 8 9 10 11 12 
1 2 3 4 5 6 7 8 9 10 11 12 
YES
5 6 1 2 3 4 7 8 9 10 11 12 
1 2 3 4 5 6 7 8 9 10 11 12 
YES
6 7 1 2 3 4 5 8 9 10 11 12 
1 2 3 4 5 6 7 8 9 10 11 12 
YES
7 8 1 2 3 4 5 6 9 10 11 12 
1 2 3 4 5 6 7 8 9 10 11 12 
YES
8 9 1 2 3 4 5 6 7 10 11 12 
1 2 3 4 5 6 7 8 9 10 11 12 
YES
9 10 1 2 3 4 5 6 7 8 11 12 
1 2 3 4 5 6 7 8 9 10 11 12 
YES
10 11 1 2 3 4 5 6 7 8 9 12 
1 2 3 4 5 6 7 8 9 10 11 12 
YES
11 12 1 2 3 4 5 6 7 8 9 10 
1 2 3 4 5 6 7 8 9 10 11 12 
NO
NO
NO
YES
2 3 4 1 5 6 7 8 9 10 11 12 
1 2 3 4 5 6 7 8 9 10 11 12 
YES
3 4 5 1 2 6 7 8 9 10 11 12 
1 2 3 4 5 6 7 8 9 10 11 12 
YES
4 5 6 1 2 3 7 8 9 10 11 12 
1 2 3 4 5 6 7 8 9 10 11 12 
YES
5 6 7 1 2 3 4 8 9 10 11 12 
1 2 3 4 5 6 7 8 9 10 11 12 
YES
6 7 8 1 2 3 4 5 9 10 11 12 
1 2 3 4 5 6 7 8 9 10 11 12 
YES
7 8 9 1 2 3 4 5 6 10 11 12 
1 2 3 4 5 6 7 8 9 10 11 12 
YES
8 9 10 1 2 3 4 5 6 7 11 12 
1 2 3 4 5 6 7 8 9 10 11 12 
YES
9 10 11 1 2 3 4 5 6 7 8 12 
1 2 3 4 5 6 7 8 9 10 11 12 
YES
10 11 12 1 2 3 4 5 6 7 8 9 
1 2 3 4 5 6 7 8 9 10 11 12 
NO
NO
NO
NO
YES
2 3 4 5 1 6 7 8 9 10 11 12 
1 2 3 4 5 6 7 8 9 10 11 12 
YES
3 4 5 6 1 2 7 8 9 10 11 12 
1 2 3 4 5 6 7 8 9 10 11 12 
YES
4 5 6 7 1 2 3 8 9 10 11 12 
1 2 3 4 5 6 7 8 9 10 11 12 
YES
5 6 7 8 1 2 3 4 9 10 11 12 
1 2 3 4 5 6 7 8 9 10 11 12 
YES
6 7 8 9 1 2 3 4 5 10 11 12 
1 2 3 4 5 6 7 8 9 10 11 12 
YES
7 8 9 10 1 2 3 4 5 6 11 12 
1 2 3 4 5 6 7 8 9 10 11 12 
YES
8 9 10 11 1 2 3 4 5 6 7 12 
1 2 3 4 5 6 7 8 9 10 11 12 
YES
9 10 11 12 1 2 3 4 5 6 7 8 
1 2 3 4 5 6 7 8 9 10 11 12 
NO
NO
NO
NO
NO
YES
2 3 4 5 6 1 7 8 9 10 11 12 
1 2 3 4 5 6 7 8 9 10 11 12 
YES
3 4 5 6 7 1 2 8 9 10 11 12 
1 2 3 4 5 6 7 8 9 10 11 12 
YES
4 5 6 7 8 1 2 3 9 10 11 12 
1 2 3 4 5 6 7 8 9 10 11 12 
YES
5 6 7 8 9 1 2 3 4 10 11 12 
1 2 3 4 5 6 7 8 9 10 11 12 
YES
6 7 8 9 10 1 2 3 4 5 11 12 
1 2 3 4 5 6 7 8 9 10 11 12 
YES
7 8 9 10 11 1 2 3 4 5 6 12 
1 2 3 4 5 6 7 8 9 10 11 12 
YES
8 9 10 11 12 1 2 3 4 5 6 7 
1 2 3 4 5 6 7 8 9 10 11 12 
NO
NO
NO
NO
NO
NO
YES
2 3 4 5 6 7 1 8 9 10 11 12 
1 2 3 4 5 6 7 8 9 10 11 12 
YES
3 4 5 6 7 8 1 2 9 10 11 12 
1 2 3 4 5 6 7 8 9 10 11 12 
YES
4 5 6 7 8 9 1 2 3 10 11 12 
1 2 3 4 5 6 7 8 9 10 11 12 
YES
5 6 7 8 9 10 1 2 3 4 11 12 
1 2 3 4 5 6 7 8 9 10 11 12 
YES
6 7 8 9 10 11 1 2 3 4 5 12 
1 2 3 4 5 6 7 8 9 10 11 12 
YES
7 8 9 10 11 12 1 2 3 4 5 6 
1 2 3 4 5 6 7 8 9 10 11 12 
NO
NO
NO
NO
NO
NO
NO
YES
2 3 4 5 6 7 8 1 9 10 11 12 
1 2 3 4 5 6 7 8 9 10 11 12 
YES
3 4 5 6 7 8 9 1 2 10 11 12 
1 2 3 4 5 6 7 8 9 10 11 12 
YES
4 5 6 7 8 9 10 1 2 3 11 12 
1 2 3 4 5 6 7 8 9 10 11 12 
YES
5 6 7 8 9 10 11 1 2 3 4 12 
1 2 3 4 5 6 7 8 9 10 11 12 
YES
6 7 8 9 10 11 12 1 2 3 4 5 
1 2 3 4 5 6 7 8 9 10 11 12 
NO
NO
NO
NO
NO
NO
NO
NO
YES
2 3 4 5 6 7 8 9 1 10 11 12 
1 2 3 4 5 6 7 8 9 10 11 12 
YES
3 4 5 6 7 8 9 10 1 2 11 12 
1 2 3 4 5 6 7 8 9 10 11 12 
YES
4 5 6 7 8 9 10 11 1 2 3 12 
1 2 3 4 5 6 7 8 9 10 11 12 
YES
5 6 7 8 9 10 11 12 1 2 3 4 
1 2 3 4 5 6 7 8 9 10 11 12 
NO
NO
NO
NO
NO
NO
NO
NO
NO
YES
2 3 4 5 6 7 8 9 10 1 11 12 
1 2 3 4 5 6 7 8 9 10 11 12 
YES
3 4 5 6 7 8 9 10 11 1 2 12 
1 2 3 4 5 6 7 8 9 10 11 12 
YES
4 5 6 7 8 9 10 11 12 1 2 3 
1 2 3 4 5 6 7 8 9 10 11 12 
NO
NO
NO
NO
NO
NO
NO
NO
NO
NO
YES
2 3 4 5 6 7 8 9 10 11 1 12 
1 2 3 4 5 6 7 8 9 10 11 12 
YES
3 4 5 6 7 8 9 10 11 12 1 2 
1 2 3 4 5 6 7 8 9 10 11 12 
NO
NO
NO
NO
NO
NO
NO
NO
NO
NO
NO
YES
2 3 4 5 6 7 8 9 10 11 12 1 
1 2 3 4 5 6 7 8 9 10 11 12 
NO
NO
NO
NO
NO
NO
NO
NO
NO
NO
NO
NO
NO
NO
NO
NO
NO
NO
NO
NO
NO
NO
NO
NO
