14d13
< 1 2 
15a15
> 1 2 
28d27
< 1 2 3 
29a29
> 1 2 3 
30a31
> 3 1 2 
32d32
< 2 3 1 
35a36
> 2 3 1 
37d37
< 3 1 2 
53d52
< 1 2 3 4 
54a54
> 1 2 3 4 
55a56
> 3 1 2 4 
57d57
< 2 3 1 4 
58a59
> 4 1 2 3 
60d60
< 2 3 4 1 
63a64
> 2 3 1 4 
65d65
< 3 1 2 4 
67d66
< 1 2 3 4 
68a68
> 1 2 3 4 
72a73
> 2 3 4 1 
74d74
< 4 1 2 3 
93d92
< 1 2 3 4 5 
94a94
> 1 2 3 4 5 
95a96
> 3 1 2 4 5 
97d97
< 2 3 1 4 5 
98a99
> 4 1 2 3 5 
100d100
< 2 3 4 1 5 
101a102
> 5 1 2 3 4 
103d103
< 2 3 4 5 1 
106a107
> 2 3 1 4 5 
108d108
< 3 1 2 4 5 
110d109
< 1 2 3 4 5 
111a111
> 1 2 3 4 5 
112a113
> 4 5 1 2 3 
114d114
< 3 4 5 1 2 
118a119
> 2 3 4 1 5 
120d120
< 4 1 2 3 5 
121a122
> 3 4 5 1 2 
123d123
< 4 5 1 2 3 
128a129
> 2 3 4 5 1 
130d130
< 5 1 2 3 4 
152d151
< 1 2 3 4 5 6 
153a153
> 1 2 3 4 5 6 
154a155
> 3 1 2 4 5 6 
156d156
< 2 3 1 4 5 6 
157a158
> 4 1 2 3 5 6 
159d159
< 2 3 4 1 5 6 
160a161
> 5 1 2 3 4 6 
162d162
< 2 3 4 5 1 6 
163a164
> 6 1 2 3 4 5 
165d165
< 2 3 4 5 6 1 
168a169
> 2 3 1 4 5 6 
170d170
< 3 1 2 4 5 6 
172d171
< 1 2 3 4 5 6 
173a173
> 1 2 3 4 5 6 
174a175
> 4 5 1 2 3 6 
176d176
< 3 4 5 1 2 6 
177a178
> 5 6 1 2 3 4 
179d179
< 3 4 5 6 1 2 
183a184
> 2 3 4 1 5 6 
185d185
< 4 1 2 3 5 6 
186a187
> 3 4 5 1 2 6 
188d188
< 4 5 1 2 3 6 
190d189
< 1 2 3 4 5 6 
191a191
> 1 2 3 4 5 6 
196a197
> 2 3 4 5 1 6 
198d198
< 5 1 2 3 4 6 
199a200
> 3 4 5 6 1 2 
201d201
< 5 6 1 2 3 4 
207a208
> 2 3 4 5 6 1 
209d209
< 6 1 2 3 4 5 
234d233
< 1 2 3 4 5 6 7 
235a235
> 1 2 3 4 5 6 7 
236a237
> 3 1 2 4 5 6 7 
238d238
< 2 3 1 4 5 6 7 
239a240
> 4 1 2 3 5 6 7 
241d241
< 2 3 4 1 5 6 7 
242a243
> 5 1 2 3 4 6 7 
244d244
< 2 3 4 5 1 6 7 
245a246
> 6 1 2 3 4 5 7 
247d247
< 2 3 4 5 6 1 7 
248a249
> 7 1 2 3 4 5 6 
250d250
< 2 3 4 5 6 7 1 
253a254
> 2 3 1 4 5 6 7 
255d255
< 3 1 2 4 5 6 7 
257d256
< 1 2 3 4 5 6 7 
258a258
> 1 2 3 4 5 6 7 
259a260
> 4 5 1 2 3 6 7 
261d261
< 3 4 5 1 2 6 7 
262a263
> 5 6 1 2 3 4 7 
264d264
< 3 4 5 6 1 2 7 
265a266
> 6 7 1 2 3 4 5 
267d267
< 3 4 5 6 7 1 2 
271a272
> 2 3 4 1 5 6 7 
273d273
< 4 1 2 3 5 6 7 
274a275
> 3 4 5 1 2 6 7 
276d276
< 4 5 1 2 3 6 7 
278d277
< 1 2 3 4 5 6 7 
279a279
> 1 2 3 4 5 6 7 
280a281
> 5 6 7 1 2 3 4 
282d282
< 4 5 6 7 1 2 3 
287a288
> 2 3 4 5 1 6 7 
289d289
< 5 1 2 3 4 6 7 
290a291
> 3 4 5 6 1 2 7 
292d292
< 5 6 1 2 3 4 7 
293a294
> 4 5 6 7 1 2 3 
295d295
< 5 6 7 1 2 3 4 
301a302
> 2 3 4 5 6 1 7 
303d303
< 6 1 2 3 4 5 7 
304a305
> 3 4 5 6 7 1 2 
306d306
< 6 7 1 2 3 4 5 
313a314
> 2 3 4 5 6 7 1 
315d315
< 7 1 2 3 4 5 6 
343d342
< 1 2 3 4 5 6 7 8 
344a344
> 1 2 3 4 5 6 7 8 
345a346
> 3 1 2 4 5 6 7 8 
347d347
< 2 3 1 4 5 6 7 8 
348a349
> 4 1 2 3 5 6 7 8 
350d350
< 2 3 4 1 5 6 7 8 
351a352
> 5 1 2 3 4 6 7 8 
353d353
< 2 3 4 5 1 6 7 8 
354a355
> 6 1 2 3 4 5 7 8 
356d356
< 2 3 4 5 6 1 7 8 
357a358
> 7 1 2 3 4 5 6 8 
359d359
< 2 3 4 5 6 7 1 8 
360a361
> 8 1 2 3 4 5 6 7 
362d362
< 2 3 4 5 6 7 8 1 
365a366
> 2 3 1 4 5 6 7 8 
367d367
< 3 1 2 4 5 6 7 8 
369d368
< 1 2 3 4 5 6 7 8 
370a370
> 1 2 3 4 5 6 7 8 
371a372
> 4 5 1 2 3 6 7 8 
373d373
< 3 4 5 1 2 6 7 8 
374a375
> 5 6 1 2 3 4 7 8 
376d376
< 3 4 5 6 1 2 7 8 
377a378
> 6 7 1 2 3 4 5 8 
379d379
< 3 4 5 6 7 1 2 8 
380a381
> 7 8 1 2 3 4 5 6 
382d382
< 3 4 5 6 7 8 1 2 
386a387
> 2 3 4 1 5 6 7 8 
388d388
< 4 1 2 3 5 6 7 8 
389a390
> 3 4 5 1 2 6 7 8 
391d391
< 4 5 1 2 3 6 7 8 
393d392
< 1 2 3 4 5 6 7 8 
394a394
> 1 2 3 4 5 6 7 8 
395a396
> 5 6 7 1 2 3 4 8 
397d397
< 4 5 6 7 1 2 3 8 
398a399
> 6 7 8 1 2 3 4 5 
400d400
< 4 5 6 7 8 1 2 3 
405a406
> 2 3 4 5 1 6 7 8 
407d407
< 5 1 2 3 4 6 7 8 
408a409
> 3 4 5 6 1 2 7 8 
410d410
< 5 6 1 2 3 4 7 8 
411a412
> 4 5 6 7 1 2 3 8 
413d413
< 5 6 7 1 2 3 4 8 
415d414
< 1 2 3 4 5 6 7 8 
416a416
> 1 2 3 4 5 6 7 8 
422a423
> 2 3 4 5 6 1 7 8 
424d424
< 6 1 2 3 4 5 7 8 
425a426
> 3 4 5 6 7 1 2 8 
427d427
< 6 7 1 2 3 4 5 8 
428a429
> 4 5 6 7 8 1 2 3 
430d430
< 6 7 8 1 2 3 4 5 
437a438
> 2 3 4 5 6 7 1 8 
439d439
< 7 1 2 3 4 5 6 8 
440a441
> 3 4 5 6 7 8 1 2 
442d442
< 7 8 1 2 3 4 5 6 
450a451
> 2 3 4 5 6 7 8 1 
452d452
< 8 1 2 3 4 5 6 7 
483d482
< 1 2 3 4 5 6 7 8 9 
484a484
> 1 2 3 4 5 6 7 8 9 
485a486
> 3 1 2 4 5 6 7 8 9 
487d487
< 2 3 1 4 5 6 7 8 9 
488a489
> 4 1 2 3 5 6 7 8 9 
490d490
< 2 3 4 1 5 6 7 8 9 
491a492
> 5 1 2 3 4 6 7 8 9 
493d493
< 2 3 4 5 1 6 7 8 9 
494a495
> 6 1 2 3 4 5 7 8 9 
496d496
< 2 3 4 5 6 1 7 8 9 
497a498
> 7 1 2 3 4 5 6 8 9 
499d499
< 2 3 4 5 6 7 1 8 9 
500a501
> 8 1 2 3 4 5 6 7 9 
502d502
< 2 3 4 5 6 7 8 1 9 
503a504
> 9 1 2 3 4 5 6 7 8 
505d505
< 2 3 4 5 6 7 8 9 1 
508a509
> 2 3 1 4 5 6 7 8 9 
510d510
< 3 1 2 4 5 6 7 8 9 
512d511
< 1 2 3 4 5 6 7 8 9 
513a513
> 1 2 3 4 5 6 7 8 9 
514a515
> 4 5 1 2 3 6 7 8 9 
516d516
< 3 4 5 1 2 6 7 8 9 
517a518
> 5 6 1 2 3 4 7 8 9 
519d519
< 3 4 5 6 1 2 7 8 9 
520a521
> 6 7 1 2 3 4 5 8 9 
522d522
< 3 4 5 6 7 1 2 8 9 
523a524
> 7 8 1 2 3 4 5 6 9 
525d525
< 3 4 5 6 7 8 1 2 9 
526a527
> 8 9 1 2 3 4 5 6 7 
528d528
< 3 4 5 6 7 8 9 1 2 
532a533
> 2 3 4 1 5 6 7 8 9 
534d534
< 4 1 2 3 5 6 7 8 9 
535a536
> 3 4 5 1 2 6 7 8 9 
537d537
< 4 5 1 2 3 6 7 8 9 
539d538
< 1 2 3 4 5 6 7 8 9 
540a540
> 1 2 3 4 5 6 7 8 9 
541a542
> 5 6 7 1 2 3 4 8 9 
543d543
< 4 5 6 7 1 2 3 8 9 
544a545
> 6 7 8 1 2 3 4 5 9 
546d546
< 4 5 6 7 8 1 2 3 9 
547a548
> 7 8 9 1 2 3 4 5 6 
549d549
< 4 5 6 7 8 9 1 2 3 
554a555
> 2 3 4 5 1 6 7 8 9 
556d556
< 5 1 2 3 4 6 7 8 9 
557a558
> 3 4 5 6 1 2 7 8 9 
559d559
< 5 6 1 2 3 4 7 8 9 
560a561
> 4 5 6 7 1 2 3 8 9 
562d562
< 5 6 7 1 2 3 4 8 9 
564d563
< 1 2 3 4 5 6 7 8 9 
565a565
> 1 2 3 4 5 6 7 8 9 
566a567
> 6 7 8 9 1 2 3 4 5 
568d568
< 5 6 7 8 9 1 2 3 4 
574a575
> 2 3 4 5 6 1 7 8 9 
576d576
< 6 1 2 3 4 5 7 8 9 
577a578
> 3 4 5 6 7 1 2 8 9 
579d579
< 6 7 1 2 3 4 5 8 9 
580a581
> 4 5 6 7 8 1 2 3 9 
582d582
< 6 7 8 1 2 3 4 5 9 
583a584
> 5 6 7 8 9 1 2 3 4 
585d585
< 6 7 8 9 1 2 3 4 5 
592a593
> 2 3 4 5 6 7 1 8 9 
594d594
< 7 1 2 3 4 5 6 8 9 
595a596
> 3 4 5 6 7 8 1 2 9 
597d597
< 7 8 1 2 3 4 5 6 9 
598a599
> 4 5 6 7 8 9 1 2 3 
600d600
< 7 8 9 1 2 3 4 5 6 
608a609
> 2 3 4 5 6 7 8 1 9 
610d610
< 8 1 2 3 4 5 6 7 9 
611a612
> 3 4 5 6 7 8 9 1 2 
613d613
< 8 9 1 2 3 4 5 6 7 
622a623
> 2 3 4 5 6 7 8 9 1 
624d624
< 9 1 2 3 4 5 6 7 8 
658d657
< 1 2 3 4 5 6 7 8 9 10 
659a659
> 1 2 3 4 5 6 7 8 9 10 
660a661
> 3 1 2 4 5 6 7 8 9 10 
662d662
< 2 3 1 4 5 6 7 8 9 10 
663a664
> 4 1 2 3 5 6 7 8 9 10 
665d665
< 2 3 4 1 5 6 7 8 9 10 
666a667
> 5 1 2 3 4 6 7 8 9 10 
668d668
< 2 3 4 5 1 6 7 8 9 10 
669a670
> 6 1 2 3 4 5 7 8 9 10 
671d671
< 2 3 4 5 6 1 7 8 9 10 
672a673
> 7 1 2 3 4 5 6 8 9 10 
674d674
< 2 3 4 5 6 7 1 8 9 10 
675a676
> 8 1 2 3 4 5 6 7 9 10 
677d677
< 2 3 4 5 6 7 8 1 9 10 
678a679
> 9 1 2 3 4 5 6 7 8 10 
680d680
< 2 3 4 5 6 7 8 9 1 10 
681a682
> 10 1 2 3 4 5 6 7 8 9 
683d683
< 2 3 4 5 6 7 8 9 10 1 
686a687
> 2 3 1 4 5 6 7 8 9 10 
688d688
< 3 1 2 4 5 6 7 8 9 10 
690d689
< 1 2 3 4 5 6 7 8 9 10 
691a691
> 1 2 3 4 5 6 7 8 9 10 
692a693
> 4 5 1 2 3 6 7 8 9 10 
694d694
< 3 4 5 1 2 6 7 8 9 10 
695a696
> 5 6 1 2 3 4 7 8 9 10 
697d697
< 3 4 5 6 1 2 7 8 9 10 
698a699
> 6 7 1 2 3 4 5 8 9 10 
700d700
< 3 4 5 6 7 1 2 8 9 10 
701a702
> 7 8 1 2 3 4 5 6 9 10 
703d703
< 3 4 5 6 7 8 1 2 9 10 
704a705
> 8 9 1 2 3 4 5 6 7 10 
706d706
< 3 4 5 6 7 8 9 1 2 10 
707a708
> 9 10 1 2 3 4 5 6 7 8 
709d709
< 3 4 5 6 7 8 9 10 1 2 
713a714
> 2 3 4 1 5 6 7 8 9 10 
715d715
< 4 1 2 3 5 6 7 8 9 10 
716a717
> 3 4 5 1 2 6 7 8 9 10 
718d718
< 4 5 1 2 3 6 7 8 9 10 
720d719
< 1 2 3 4 5 6 7 8 9 10 
721a721
> 1 2 3 4 5 6 7 8 9 10 
722a723
> 5 6 7 1 2 3 4 8 9 10 
724d724
< 4 5 6 7 1 2 3 8 9 10 
725a726
> 6 7 8 1 2 3 4 5 9 10 
727d727
< 4 5 6 7 8 1 2 3 9 10 
728a729
> 7 8 9 1 2 3 4 5 6 10 
730d730
< 4 5 6 7 8 9 1 2 3 10 
731a732
> 8 9 10 1 2 3 4 5 6 7 
733d733
< 4 5 6 7 8 9 10 1 2 3 
738a739
> 2 3 4 5 1 6 7 8 9 10 
740d740
< 5 1 2 3 4 6 7 8 9 10 
741a742
> 3 4 5 6 1 2 7 8 9 10 
743d743
< 5 6 1 2 3 4 7 8 9 10 
744a745
> 4 5 6 7 1 2 3 8 9 10 
746d746
< 5 6 7 1 2 3 4 8 9 10 
748d747
< 1 2 3 4 5 6 7 8 9 10 
749a749
> 1 2 3 4 5 6 7 8 9 10 
750a751
> 6 7 8 9 1 2 3 4 5 10 
752d752
< 5 6 7 8 9 1 2 3 4 10 
753a754
> 7 8 9 10 1 2 3 4 5 6 
755d755
< 5 6 7 8 9 10 1 2 3 4 
761a762
> 2 3 4 5 6 1 7 8 9 10 
763d763
< 6 1 2 3 4 5 7 8 9 10 
764a765
> 3 4 5 6 7 1 2 8 9 10 
766d766
< 6 7 1 2 3 4 5 8 9 10 
767a768
> 4 5 6 7 8 1 2 3 9 10 
769d769
< 6 7 8 1 2 3 4 5 9 10 
770a771
> 5 6 7 8 9 1 2 3 4 10 
772d772
< 6 7 8 9 1 2 3 4 5 10 
774d773
< 1 2 3 4 5 6 7 8 9 10 
775a775
> 1 2 3 4 5 6 7 8 9 10 
782a783
> 2 3 4 5 6 7 1 8 9 10 
784d784
< 7 1 2 3 4 5 6 8 9 10 
785a786
> 3 4 5 6 7 8 1 2 9 10 
787d787
< 7 8 1 2 3 4 5 6 9 10 
788a789
> 4 5 6 7 8 9 1 2 3 10 
790d790
< 7 8 9 1 2 3 4 5 6 10 
791a792
> 5 6 7 8 9 10 1 2 3 4 
793d793
< 7 8 9 10 1 2 3 4 5 6 
801a802
> 2 3 4 5 6 7 8 1 9 10 
803d803
< 8 1 2 3 4 5 6 7 9 10 
804a805
> 3 4 5 6 7 8 9 1 2 10 
806d806
< 8 9 1 2 3 4 5 6 7 10 
807a808
> 4 5 6 7 8 9 10 1 2 3 
809d809
< 8 9 10 1 2 3 4 5 6 7 
818a819
> 2 3 4 5 6 7 8 9 1 10 
820d820
< 9 1 2 3 4 5 6 7 8 10 
821a822
> 3 4 5 6 7 8 9 10 1 2 
823d823
< 9 10 1 2 3 4 5 6 7 8 
833a834
> 2 3 4 5 6 7 8 9 10 1 
835d835
< 10 1 2 3 4 5 6 7 8 9 
872d871
< 1 2 3 4 5 6 7 8 9 10 11 
873a873
> 1 2 3 4 5 6 7 8 9 10 11 
874a875
> 3 1 2 4 5 6 7 8 9 10 11 
876d876
< 2 3 1 4 5 6 7 8 9 10 11 
877a878
> 4 1 2 3 5 6 7 8 9 10 11 
879d879
< 2 3 4 1 5 6 7 8 9 10 11 
880a881
> 5 1 2 3 4 6 7 8 9 10 11 
882d882
< 2 3 4 5 1 6 7 8 9 10 11 
883a884
> 6 1 2 3 4 5 7 8 9 10 11 
885d885
< 2 3 4 5 6 1 7 8 9 10 11 
886a887
> 7 1 2 3 4 5 6 8 9 10 11 
888d888
< 2 3 4 5 6 7 1 8 9 10 11 
889a890
> 8 1 2 3 4 5 6 7 9 10 11 
891d891
< 2 3 4 5 6 7 8 1 9 10 11 
892a893
> 9 1 2 3 4 5 6 7 8 10 11 
894d894
< 2 3 4 5 6 7 8 9 1 10 11 
895a896
> 10 1 2 3 4 5 6 7 8 9 11 
897d897
< 2 3 4 5 6 7 8 9 10 1 11 
898a899
> 11 1 2 3 4 5 6 7 8 9 10 
900d900
< 2 3 4 5 6 7 8 9 10 11 1 
903a904
> 2 3 1 4 5 6 7 8 9 10 11 
905d905
< 3 1 2 4 5 6 7 8 9 10 11 
907d906
< 1 2 3 4 5 6 7 8 9 10 11 
908a908
> 1 2 3 4 5 6 7 8 9 10 11 
909a910
> 4 5 1 2 3 6 7 8 9 10 11 
911d911
< 3 4 5 1 2 6 7 8 9 10 11 
912a913
> 5 6 1 2 3 4 7 8 9 10 11 
914d914
< 3 4 5 6 1 2 7 8 9 10 11 
915a916
> 6 7 1 2 3 4 5 8 9 10 11 
917d917
< 3 4 5 6 7 1 2 8 9 10 11 
918a919
> 7 8 1 2 3 4 5 6 9 10 11 
920d920
< 3 4 5 6 7 8 1 2 9 10 11 
921a922
> 8 9 1 2 3 4 5 6 7 10 11 
923d923
< 3 4 5 6 7 8 9 1 2 10 11 
924a925
> 9 10 1 2 3 4 5 6 7 8 11 
926d926
< 3 4 5 6 7 8 9 10 1 2 11 
927a928
> 10 11 1 2 3 4 5 6 7 8 9 
929d929
< 3 4 5 6 7 8 9 10 11 1 2 
933a934
> 2 3 4 1 5 6 7 8 9 10 11 
935d935
< 4 1 2 3 5 6 7 8 9 10 11 
936a937
> 3 4 5 1 2 6 7 8 9 10 11 
938d938
< 4 5 1 2 3 6 7 8 9 10 11 
940d939
< 1 2 3 4 5 6 7 8 9 10 11 
941a941
> 1 2 3 4 5 6 7 8 9 10 11 
942a943
> 5 6 7 1 2 3 4 8 9 10 11 
944d944
< 4 5 6 7 1 2 3 8 9 10 11 
945a946
> 6 7 8 1 2 3 4 5 9 10 11 
947d947
< 4 5 6 7 8 1 2 3 9 10 11 
948a949
> 7 8 9 1 2 3 4 5 6 10 11 
950d950
< 4 5 6 7 8 9 1 2 3 10 11 
951a952
> 8 9 10 1 2 3 4 5 6 7 11 
953d953
< 4 5 6 7 8 9 10 1 2 3 11 
954a955
> 9 10 11 1 2 3 4 5 6 7 8 
956d956
< 4 5 6 7 8 9 10 11 1 2 3 
961a962
> 2 3 4 5 1 6 7 8 9 10 11 
963d963
< 5 1 2 3 4 6 7 8 9 10 11 
964a965
> 3 4 5 6 1 2 7 8 9 10 11 
966d966
< 5 6 1 2 3 4 7 8 9 10 11 
967a968
> 4 5 6 7 1 2 3 8 9 10 11 
969d969
< 5 6 7 1 2 3 4 8 9 10 11 
971d970
< 1 2 3 4 5 6 7 8 9 10 11 
972a972
> 1 2 3 4 5 6 7 8 9 10 11 
973a974
> 6 7 8 9 1 2 3 4 5 10 11 
975d975
< 5 6 7 8 9 1 2 3 4 10 11 
976a977
> 7 8 9 10 1 2 3 4 5 6 11 
978d978
< 5 6 7 8 9 10 1 2 3 4 11 
979a980
> 8 9 10 11 1 2 3 4 5 6 7 
981d981
< 5 6 7 8 9 10 11 1 2 3 4 
987a988
> 2 3 4 5 6 1 7 8 9 10 11 
989d989
< 6 1 2 3 4 5 7 8 9 10 11 
990a991
> 3 4 5 6 7 1 2 8 9 10 11 
992d992
< 6 7 1 2 3 4 5 8 9 10 11 
993a994
> 4 5 6 7 8 1 2 3 9 10 11 
995d995
< 6 7 8 1 2 3 4 5 9 10 11 
996a997
> 5 6 7 8 9 1 2 3 4 10 11 
998d998
< 6 7 8 9 1 2 3 4 5 10 11 
1000d999
< 1 2 3 4 5 6 7 8 9 10 11 
1001a1001
> 1 2 3 4 5 6 7 8 9 10 11 
1002a1003
> 7 8 9 10 11 1 2 3 4 5 6 
1004d1004
< 6 7 8 9 10 11 1 2 3 4 5 
1011a1012
> 2 3 4 5 6 7 1 8 9 10 11 
1013d1013
< 7 1 2 3 4 5 6 8 9 10 11 
1014a1015
> 3 4 5 6 7 8 1 2 9 10 11 
1016d1016
< 7 8 1 2 3 4 5 6 9 10 11 
1017a1018
> 4 5 6 7 8 9 1 2 3 10 11 
1019d1019
< 7 8 9 1 2 3 4 5 6 10 11 
1020a1021
> 5 6 7 8 9 10 1 2 3 4 11 
1022d1022
< 7 8 9 10 1 2 3 4 5 6 11 
1023a1024
> 6 7 8 9 10 11 1 2 3 4 5 
1025d1025
< 7 8 9 10 11 1 2 3 4 5 6 
1033a1034
> 2 3 4 5 6 7 8 1 9 10 11 
1035d1035
< 8 1 2 3 4 5 6 7 9 10 11 
1036a1037
> 3 4 5 6 7 8 9 1 2 10 11 
1038d1038
< 8 9 1 2 3 4 5 6 7 10 11 
1039a1040
> 4 5 6 7 8 9 10 1 2 3 11 
1041d1041
< 8 9 10 1 2 3 4 5 6 7 11 
1042a1043
> 5 6 7 8 9 10 11 1 2 3 4 
1044d1044
< 8 9 10 11 1 2 3 4 5 6 7 
1053a1054
> 2 3 4 5 6 7 8 9 1 10 11 
1055d1055
< 9 1 2 3 4 5 6 7 8 10 11 
1056a1057
> 3 4 5 6 7 8 9 10 1 2 11 
1058d1058
< 9 10 1 2 3 4 5 6 7 8 11 
1059a1060
> 4 5 6 7 8 9 10 11 1 2 3 
1061d1061
< 9 10 11 1 2 3 4 5 6 7 8 
1071a1072
> 2 3 4 5 6 7 8 9 10 1 11 
1073d1073
< 10 1 2 3 4 5 6 7 8 9 11 
1074a1075
> 3 4 5 6 7 8 9 10 11 1 2 
1076d1076
< 10 11 1 2 3 4 5 6 7 8 9 
1087a1088
> 2 3 4 5 6 7 8 9 10 11 1 
1089d1089
< 11 1 2 3 4 5 6 7 8 9 10 
1129d1128
< 1 2 3 4 5 6 7 8 9 10 11 12 
1130a1130
> 1 2 3 4 5 6 7 8 9 10 11 12 
1131a1132
> 3 1 2 4 5 6 7 8 9 10 11 12 
1133d1133
< 2 3 1 4 5 6 7 8 9 10 11 12 
1134a1135
> 4 1 2 3 5 6 7 8 9 10 11 12 
1136d1136
< 2 3 4 1 5 6 7 8 9 10 11 12 
1137a1138
> 5 1 2 3 4 6 7 8 9 10 11 12 
1139d1139
< 2 3 4 5 1 6 7 8 9 10 11 12 
1140a1141
> 6 1 2 3 4 5 7 8 9 10 11 12 
1142d1142
< 2 3 4 5 6 1 7 8 9 10 11 12 
1143a1144
> 7 1 2 3 4 5 6 8 9 10 11 12 
1145d1145
< 2 3 4 5 6 7 1 8 9 10 11 12 
1146a1147
> 8 1 2 3 4 5 6 7 9 10 11 12 
1148d1148
< 2 3 4 5 6 7 8 1 9 10 11 12 
1149a1150
> 9 1 2 3 4 5 6 7 8 10 11 12 
1151d1151
< 2 3 4 5 6 7 8 9 1 10 11 12 
1152a1153
> 10 1 2 3 4 5 6 7 8 9 11 12 
1154d1154
< 2 3 4 5 6 7 8 9 10 1 11 12 
1155a1156
> 11 1 2 3 4 5 6 7 8 9 10 12 
1157d1157
< 2 3 4 5 6 7 8 9 10 11 1 12 
1158a1159
> 12 1 2 3 4 5 6 7 8 9 10 11 
1160d1160
< 2 3 4 5 6 7 8 9 10 11 12 1 
1163a1164
> 2 3 1 4 5 6 7 8 9 10 11 12 
1165d1165
< 3 1 2 4 5 6 7 8 9 10 11 12 
1167d1166
< 1 2 3 4 5 6 7 8 9 10 11 12 
1168a1168
> 1 2 3 4 5 6 7 8 9 10 11 12 
1169a1170
> 4 5 1 2 3 6 7 8 9 10 11 12 
1171d1171
< 3 4 5 1 2 6 7 8 9 10 11 12 
1172a1173
> 5 6 1 2 3 4 7 8 9 10 11 12 
1174d1174
< 3 4 5 6 1 2 7 8 9 10 11 12 
1175a1176
> 6 7 1 2 3 4 5 8 9 10 11 12 
1177d1177
< 3 4 5 6 7 1 2 8 9 10 11 12 
1178a1179
> 7 8 1 2 3 4 5 6 9 10 11 12 
1180d1180
< 3 4 5 6 7 8 1 2 9 10 11 12 
1181a1182
> 8 9 1 2 3 4 5 6 7 10 11 12 
1183d1183
< 3 4 5 6 7 8 9 1 2 10 11 12 
1184a1185
> 9 10 1 2 3 4 5 6 7 8 11 12 
1186d1186
< 3 4 5 6 7 8 9 10 1 2 11 12 
1187a1188
> 10 11 1 2 3 4 5 6 7 8 9 12 
1189d1189
< 3 4 5 6 7 8 9 10 11 1 2 12 
1190a1191
> 11 12 1 2 3 4 5 6 7 8 9 10 
1192d1192
< 3 4 5 6 7 8 9 10 11 12 1 2 
1196a1197
> 2 3 4 1 5 6 7 8 9 10 11 12 
1198d1198
< 4 1 2 3 5 6 7 8 9 10 11 12 
1199a1200
> 3 4 5 1 2 6 7 8 9 10 11 12 
1201d1201
< 4 5 1 2 3 6 7 8 9 10 11 12 
1203d1202
< 1 2 3 4 5 6 7 8 9 10 11 12 
1204a1204
> 1 2 3 4 5 6 7 8 9 10 11 12 
1205a1206
> 5 6 7 1 2 3 4 8 9 10 11 12 
1207d1207
< 4 5 6 7 1 2 3 8 9 10 11 12 
1208a1209
> 6 7 8 1 2 3 4 5 9 10 11 12 
1210d1210
< 4 5 6 7 8 1 2 3 9 10 11 12 
1211a1212
> 7 8 9 1 2 3 4 5 6 10 11 12 
1213d1213
< 4 5 6 7 8 9 1 2 3 10 11 12 
1214a1215
> 8 9 10 1 2 3 4 5 6 7 11 12 
1216d1216
< 4 5 6 7 8 9 10 1 2 3 11 12 
1217a1218
> 9 10 11 1 2 3 4 5 6 7 8 12 
1219d1219
< 4 5 6 7 8 9 10 11 1 2 3 12 
1220a1221
> 10 11 12 1 2 3 4 5 6 7 8 9 
1222d1222
< 4 5 6 7 8 9 10 11 12 1 2 3 
1227a1228
> 2 3 4 5 1 6 7 8 9 10 11 12 
1229d1229
< 5 1 2 3 4 6 7 8 9 10 11 12 
1230a1231
> 3 4 5 6 1 2 7 8 9 10 11 12 
1232d1232
< 5 6 1 2 3 4 7 8 9 10 11 12 
1233a1234
> 4 5 6 7 1 2 3 8 9 10 11 12 
1235d1235
< 5 6 7 1 2 3 4 8 9 10 11 12 
1237d1236
< 1 2 3 4 5 6 7 8 9 10 11 12 
1238a1238
> 1 2 3 4 5 6 7 8 9 10 11 12 
1239a1240
> 6 7 8 9 1 2 3 4 5 10 11 12 
1241d1241
< 5 6 7 8 9 1 2 3 4 10 11 12 
1242a1243
> 7 8 9 10 1 2 3 4 5 6 11 12 
1244d1244
< 5 6 7 8 9 10 1 2 3 4 11 12 
1245a1246
> 8 9 10 11 1 2 3 4 5 6 7 12 
1247d1247
< 5 6 7 8 9 10 11 1 2 3 4 12 
1248a1249
> 9 10 11 12 1 2 3 4 5 6 7 8 
1250d1250
< 5 6 7 8 9 10 11 12 1 2 3 4 
1256a1257
> 2 3 4 5 6 1 7 8 9 10 11 12 
1258d1258
< 6 1 2 3 4 5 7 8 9 10 11 12 
1259a1260
> 3 4 5 6 7 1 2 8 9 10 11 12 
1261d1261
< 6 7 1 2 3 4 5 8 9 10 11 12 
1262a1263
> 4 5 6 7 8 1 2 3 9 10 11 12 
1264d1264
< 6 7 8 1 2 3 4 5 9 10 11 12 
1265a1266
> 5 6 7 8 9 1 2 3 4 10 11 12 
1267d1267
< 6 7 8 9 1 2 3 4 5 10 11 12 
1269d1268
< 1 2 3 4 5 6 7 8 9 10 11 12 
1270a1270
> 1 2 3 4 5 6 7 8 9 10 11 12 
1271a1272
> 7 8 9 10 11 1 2 3 4 5 6 12 
1273d1273
< 6 7 8 9 10 11 1 2 3 4 5 12 
1274a1275
> 8 9 10 11 12 1 2 3 4 5 6 7 
1276d1276
< 6 7 8 9 10 11 12 1 2 3 4 5 
1283a1284
> 2 3 4 5 6 7 1 8 9 10 11 12 
1285d1285
< 7 1 2 3 4 5 6 8 9 10 11 12 
1286a1287
> 3 4 5 6 7 8 1 2 9 10 11 12 
1288d1288
< 7 8 1 2 3 4 5 6 9 10 11 12 
1289a1290
> 4 5 6 7 8 9 1 2 3 10 11 12 
1291d1291
< 7 8 9 1 2 3 4 5 6 10 11 12 
1292a1293
> 5 6 7 8 9 10 1 2 3 4 11 12 
1294d1294
< 7 8 9 10 1 2 3 4 5 6 11 12 
1295a1296
> 6 7 8 9 10 11 1 2 3 4 5 12 
1297d1297
< 7 8 9 10 11 1 2 3 4 5 6 12 
1299d1298
< 1 2 3 4 5 6 7 8 9 10 11 12 
1300a1300
> 1 2 3 4 5 6 7 8 9 10 11 12 
1308a1309
> 2 3 4 5 6 7 8 1 9 10 11 12 
1310d1310
< 8 1 2 3 4 5 6 7 9 10 11 12 
1311a1312
> 3 4 5 6 7 8 9 1 2 10 11 12 
1313d1313
< 8 9 1 2 3 4 5 6 7 10 11 12 
1314a1315
> 4 5 6 7 8 9 10 1 2 3 11 12 
1316d1316
< 8 9 10 1 2 3 4 5 6 7 11 12 
1317a1318
> 5 6 7 8 9 10 11 1 2 3 4 12 
1319d1319
< 8 9 10 11 1 2 3 4 5 6 7 12 
1320a1321
> 6 7 8 9 10 11 12 1 2 3 4 5 
1322d1322
< 8 9 10 11 12 1 2 3 4 5 6 7 
1331a1332
> 2 3 4 5 6 7 8 9 1 10 11 12 
1333d1333
< 9 1 2 3 4 5 6 7 8 10 11 12 
1334a1335
> 3 4 5 6 7 8 9 10 1 2 11 12 
1336d1336
< 9 10 1 2 3 4 5 6 7 8 11 12 
1337a1338
> 4 5 6 7 8 9 10 11 1 2 3 12 
1339d1339
< 9 10 11 1 2 3 4 5 6 7 8 12 
1340a1341
> 5 6 7 8 9 10 11 12 1 2 3 4 
1342d1342
< 9 10 11 12 1 2 3 4 5 6 7 8 
1352a1353
> 2 3 4 5 6 7 8 9 10 1 11 12 
1354d1354
< 10 1 2 3 4 5 6 7 8 9 11 12 
1355a1356
> 3 4 5 6 7 8 9 10 11 1 2 12 
1357d1357
< 10 11 1 2 3 4 5 6 7 8 9 12 
1358a1359
> 4 5 6 7 8 9 10 11 12 1 2 3 
1360d1360
< 10 11 12 1 2 3 4 5 6 7 8 9 
1371a1372
> 2 3 4 5 6 7 8 9 10 11 1 12 
1373d1373
< 11 1 2 3 4 5 6 7 8 9 10 12 
1374a1375
> 3 4 5 6 7 8 9 10 11 12 1 2 
1376d1376
< 11 12 1 2 3 4 5 6 7 8 9 10 
1388a1389
> 2 3 4 5 6 7 8 9 10 11 12 1 
1390d1390
< 12 1 2 3 4 5 6 7 8 9 10 11 
1414c1414
< NO
\ No newline at end of file
---
> NO
